# nanos 
 16 

# nedades 
 4 

# ntallas 
 30 

# Ind 
2002 39878 0.2 0 0.22 0 0.26 25 15 0 0 0 0.33
2003 33605 0.2 0 0.22 0 0.26 25 15 0 0 0 0.33
2004 37393 0.2 0 0.22 0 0.26 25 15 0 0 0 0.33
2005 53789 0.2 0 0.22 0 0.26 25 15 0 0 0 0.33
2006 40054 0.1 0 0.22 194719 0.26 25 15 0 0 0.92 0.33
2007 51678 0.1 23.9 0.22 0 0.26 25 15 0 0 0.33 0.33
2008 46124 0.1 21.6 0.22 114640 0.26 25 15 0 0 0.33 0.33
2009 50367 0.1 28.1 0.22 0 0.26 25 15 0 0 0.33 0.33
2010 20590 0.1 19.1 0.22 0 0.26 25 15 0 0 0.33 0.26
2011 16810 0.1 16.3 0.22 88116 0.26 25 15 0 0 0.08 0.26
2012 20222 0.1 13.7 0.22 0 0.26 25 15 0 0 0.33 0.26
2013 22396 0.1 35.6 0.26 124729 0.22 25 15 0 0 0.42 0.31
2014 23483 0.1 27.7 0.26 113855 0.22 25 15 0 0 0.42 0.31
2015 24192 0.1 23.1 0.26 60498 0.22 25 15 0 0 0.33 0.31
2016 18924 0.1 24 0.26 106245 0.22 25 15 0 0 0.33 0.31
2017 14462 0.1 10.8 0.26 66882 0.22 25 15 0 0 0.33 0.31

# Tallas 
 5.5 6 6.5 7 7.5 8 8.5 9 9.5 10 10.5 11 11.5 12 12.5 13 13.5 14 14.5 15 15.5 16 16.5 17 17.5 18 18.5 19 19.5 20 

# Frecuencia_flota 
0 0 0 0 0 0 0 0 0 0 0 0 0 0 0 0 0 0 0 0 0 0 0 0 0 0 0 0 0 0
0 0 0 0 0 0 0 0 0 0 0 0 0 0 0 0 0 0 0 0 0 0 0 0 0 0 0 0 0 0
0 0 0 0 0 0 0 0 0 0 0 0 0 0 0 0 0 0 0 0 0 0 0 0 0 0 0 0 0 0
0 0 0 0 0 0 0 0 0.01 0.01 0.03 0.04 0.07 0.1 0.14 0.11 0.09 0.06 0.04 0.03 0.04 0.05 0.06 0.07 0.05 0.01 0 0 0 0
0 0 0 0 0 0 0 0 0 0 0 0 0 0 0.02 0.07 0.1 0.15 0.15 0.15 0.13 0.08 0.04 0.03 0.03 0.02 0.01 0 0 0
0 0 0 0 0 0 0 0 0.01 0.02 0.04 0.04 0.04 0.03 0.04 0.05 0.08 0.11 0.15 0.12 0.11 0.07 0.04 0.02 0.01 0 0 0 0 0
0 0 0 0 0 0.01 0.01 0.02 0.02 0.02 0.02 0.03 0.04 0.07 0.09 0.09 0.1 0.12 0.11 0.1 0.07 0.04 0.02 0.01 0 0 0 0 0 0
0 0 0 0 0 0 0.01 0.01 0.01 0.03 0.05 0.06 0.07 0.07 0.07 0.08 0.09 0.1 0.14 0.12 0.07 0.03 0.01 0 0 0 0 0 0 0
0 0 0 0 0.01 0.01 0.02 0.04 0.05 0.08 0.1 0.08 0.07 0.03 0.02 0.03 0.06 0.11 0.13 0.09 0.04 0.02 0.01 0 0 0 0 0 0 0
0 0 0 0 0.01 0.01 0.03 0.04 0.09 0.08 0.09 0.06 0.04 0.01 0.01 0.01 0.02 0.06 0.1 0.13 0.1 0.05 0.03 0.01 0 0 0 0 0 0
0 0 0 0 0.01 0.02 0.04 0.08 0.12 0.14 0.11 0.08 0.05 0.01 0 0 0.02 0.03 0.05 0.08 0.08 0.05 0.02 0.01 0.01 0 0 0 0 0
0 0 0 0 0 0 0 0 0.01 0.01 0 0.01 0.02 0.02 0.03 0.06 0.11 0.17 0.2 0.14 0.11 0.06 0.03 0.01 0 0 0 0 0 0
0 0.01 0.01 0.01 0.02 0.03 0.04 0.05 0.07 0.08 0.06 0.06 0.08 0.06 0.05 0.05 0.06 0.06 0.06 0.04 0.04 0.03 0.02 0.01 0 0 0 0 0 0
0 0 0 0 0 0 0 0 0 0 0 0.01 0.03 0.07 0.1 0.12 0.15 0.16 0.16 0.09 0.04 0.02 0.01 0.01 0 0 0 0 0 0
0 0 0 0 0 0 0 0.006 0.011 0.013 0.013 0.012 0.011 0.024 0.021 0.036 0.065 0.103 0.13 0.125 0.12 0.145 0.105 0.047 0.011 0.001 0 0 0 0
0.006 0.02 0.131 0.087 0.08 0.065 0.053 0.056 0.025 0.042 0.039 0.058 0.051 0.023 0.016 0.023 0.02 0.02 0.029 0.047 0.041 0.033 0.016 0.007 0.002 0.002 0 0 0 0

# Frecuencia_cruceros 
0 0 0 0 0 0 0 0 0 0 0 0 0 0 0 0 0 0 0 0 0 0 0 0 0 0 0 0 0 0
0 0 0 0 0 0 0 0 0 0 0 0 0 0 0 0 0 0 0 0 0 0 0 0 0 0 0 0 0 0
0 0 0 0 0 0 0 0 0 0 0 0 0 0 0 0 0 0 0 0 0 0 0 0 0 0 0 0 0 0
0 0 0 0 0 0 0 0 0 0 0 0 0 0 0 0 0 0 0 0 0 0 0 0 0 0 0 0 0 0
0 0 0 0 0 0 0 0 0 0.01 0.08 0.08 0.12 0.13 0.14 0.04 0.03 0.04 0.08 0.1 0.07 0.05 0.02 0.01 0.01 0.01 0 0 0 0
0 0 0 0 0 0 0 0 0 0 0 0 0 0 0 0 0 0 0 0 0 0 0 0 0 0 0 0 0 0
0 0 0 0.01 0.02 0.03 0.04 0.05 0.06 0.06 0.05 0.04 0.03 0.02 0.01 0.01 0.01 0.02 0.03 0.07 0.1 0.1 0.1 0.07 0.03 0.02 0.01 0 0 0
0 0 0 0 0 0 0 0 0 0 0 0 0 0 0 0 0 0 0 0 0 0 0 0 0 0 0 0 0 0
0 0 0 0 0 0 0 0 0 0 0 0 0 0 0 0 0 0 0 0 0 0 0 0 0 0 0 0 0 0
0.01 0 0 0 0 0 0.02 0.03 0.04 0.11 0.14 0.11 0.06 0.06 0.08 0.08 0.07 0.07 0.06 0.03 0.01 0.01 0 0 0 0 0 0 0 0
0 0 0 0 0 0 0 0 0 0 0 0 0 0 0 0 0 0 0 0 0 0 0 0 0 0 0 0 0 0
0 0 0 0 0 0 0 0.01 0.02 0.02 0.02 0.02 0.04 0.06 0.07 0.12 0.1 0.17 0.11 0.1 0.07 0.05 0.02 0 0 0 0 0 0 0
0.02 0.05 0.06 0.08 0.13 0.11 0.1 0.07 0.06 0.04 0.01 0.01 0 0 0 0 0.01 0.01 0.02 0.04 0.05 0.07 0.04 0.02 0.01 0 0 0 0 0
0.01 0.02 0.04 0.03 0.04 0.03 0.03 0.04 0.05 0.06 0.04 0.02 0.04 0.07 0.08 0.08 0.06 0.07 0.07 0.05 0.04 0.01 0.01 0 0 0 0 0 0 0
0 0 0 0.1 0.09 0.07 0.07 0.08 0.16 0.1 0.08 0.01 0.01 0 0 0.01 0.04 0.04 0.04 0.02 0.02 0.03 0.02 0 0 0 0 0 0 0
0 0 0 0 0.03 0.05 0.09 0.11 0.12 0.1 0.09 0.07 0.05 0.01 0.01 0.01 0.03 0.05 0.05 0.04 0.04 0.02 0.01 0 0 0 0 0 0 0

# Madurez 
 0 0 0 0 0 0 0 0 0 0 0 0.01 0.02 0.05 0.12 0.27 0.49 0.71 0.87 0.94 0.98 0.99 1 1 1 1 1 1 1 1 

# Pesos_medios 
 1.15 1.5 1.9 2.4 2.9 3.5 4.2 5 5.9 6.9 7.9 9.1 10.4 11.8 13.4 15 16.8 18.8 20.9 23.1 25.5 28 30.7 33.6 36.6 39.8 43.2 46.8 50.6 54.6 

# sigmaR 
 0.6 

# dts 
 0.58 0.5 0.16 

# par_bio 
 17.7 0.78 7 1.5 0.15 0.83 0.99 

# cv_par_bio 
 0.1 0.1 0.1 0.1 0.1 0.1 0.1 

# edad_reclutamiento 
 1 

# Coef_hiperestabilidad 
 1 

# sel_L50_s1_s2_domo 
 12 4 1000 

# op_selflota 
 -1 

# op_selCru 
 -1 

# nbloq_selflota 
 3 

# ano_inicio_nbloq_selflota 
 2002 2010 2013 

# nbloq_selCru 
 2 

# ano_inicio_nbloq_selCru 
 2002 2013 

# nbloq_qFlota 
 1 

# ano_inicio_nbloq_qflota 
 2002 

# nbloq_qCru 
 1 

# ano_inicio_nbloq_qCru 
 2002 

# nbloq_qMPH 
 1 

# ano_inicio_nbloq_qMPH 
 2002 

# prior_qCPUE_qCru_qMPH 
 1 0.65 1 

# cv_qCPUE_qCru_qMPH 
 10.1 0.15 10.1 

# fase_qCPUE_qCru_qMPH 
 5 5 -5 

# fase_selflota_selCru 
 4 4 

# fase_Lr_sr_beta_Linf_k 
 6 5 -5 -6 -6 

# opt_Ro 
 1 

# log_priorRo 
 8.6 

# Fase_F 
 2 

# Fase_desRt 
 1 

# Fase_devNo 
 2 

# Fase_bpow 
 -3 

# ncasos_F 
 3 

# F0_Fmsy1_Fmsy2_Fsq 
 1e-04 0.38 0.31 

# nproy 
 1 

# Op_estima1_calcula0 
 1 

# opRec 
 1 

